5134 9524
5134.1 9663
5134.202 9382
5134.304 9092
5134.404 9544
5134.506 8767
5134.608 8952
5134.71 9462
5134.81 9825
5134.912 9837
5135.014 9818
5135.116 9591
5135.216 9639
5135.318 9911
5135.42 9910
5135.52 9532
5135.622 9267
5135.724 9501
5135.826 9917
5135.926 9814
5136.028 9351
5136.13 8801
5136.232 9068
5136.332 9690
5136.434 9125
5136.536 9753
5136.636 9441
5136.738 9488
5136.84 9197
5136.942 9573
5137.042 3579
5137.144 7447
5137.246 9035
5137.348 3879
5137.448 6443
5137.55 8567
5137.652 9232
5137.752 9689
5137.854 9809
5137.956 9652
5138.058 9615
5138.158 9675
5138.26 9606
5138.362 9249
5138.462 9412
5138.564 9552
5138.666 9282
5138.768 9448
5138.868 9453
5138.97 9298
5139.072 8585
5139.174 5220
5139.274 1847
5139.376 4331
5139.478 1443
5139.578 6244
5139.68 7495
5139.782 9206
5139.884 9249
5139.984 9588
5140.086 9583
5140.188 9442
5140.29 9771
5140.39 9445
5140.492 9838
5140.594 9846
5140.694 9869
5140.796 8343
5140.898 9715
5141 9789
5141.1 9825
5141.202 8503
5141.304 9166
5141.404 9897
5141.506 9861
5141.608 9415
5141.71 3713
5141.81 8112
5141.912 9451
5142.014 9855
5142.116 9470
5142.216 9576
5142.318 9229
5142.42 7792
5142.52 2428
5142.622 7998
5142.724 6076
5142.826 5750
5142.926 1722
5143.028 9019
5143.13 9770
5143.232 9879
5143.332 9343
5143.434 9898
5143.536 9699
5143.636 9527
5143.738 7454
5143.84 9461
5143.942 9702
5144.042 9620
5144.144 9825
5144.246 9836
5144.348 9561
5144.448 9705
5144.55 8715
5144.652 7844
5144.752 9680
5144.854 9840
5144.956 9637
5145.058 6678
5145.158 8651
5145.26 9621
5145.362 9770
5145.462 5750
5145.564 9699
5145.666 9771
5145.768 9577
5145.868 9877
5145.97 9863
5146.072 8015
5146.174 8465
5146.274 8490
5146.376 8880
5146.478 2669
5146.578 8746
5146.68 9486
5146.782 8799
5146.884 9666
5146.984 9592
5147.086 8321
5147.188 9608
5147.29 9734
5147.39 9700
5147.492 5822
5147.594 9648
5147.694 8478
5147.796 9009
5147.898 9301
5148 6062
5148.1 6641
5148.202 4190
5148.304 7360
5148.404 9537
5148.506 9760
5148.608 9375
5148.71 9177
5148.81 8935
5148.912 9652
5149.014 9704
5149.116 8706
5149.216 9193
5149.318 9623
5149.42 9731
5149.52 9527
5149.622 9868
5149.724 9772
5149.826 9282
5149.926 9790
5150.028 9689
5150.13 9072
5150.232 9062
5150.332 9570
5150.434 9842
5150.536 8688
5150.636 9185
5150.738 9070
5150.84 1764
5150.942 6942
5151.042 9781
5151.144 9541
5151.246 9846
5151.348 9869
5151.448 9635
5151.55 9715
5151.652 9758
5151.752 9459
5151.854 5729
5151.956 4911
5152.058 9761
5152.158 6871
5152.26 9601
5152.362 9827
5152.462 9779
5152.564 9733
5152.666 9807
5152.768 9919
5152.868 9872
5152.97 9655
5153.072 9431
5153.174 7748
5153.274 6992
5153.376 7897
5153.478 7965
5153.578 9614
5153.68 9469
5153.782 9657
5153.884 9640
5153.984 8527
5154.086 3684
5154.188 9364
5154.29 8915
5154.39 7898
5154.492 9281
5154.594 9735
5154.694 9706
5154.796 9720
5154.898 9674
5155 9631
5155.1 5800
5155.202 9001
5155.304 9848
5155.404 9853
5155.506 8621
5155.608 9324
5155.71 6638
5155.81 6410
5155.912 9597
5156.014 9216
5156.116 9449
5156.216 9890
5156.318 9358
5156.42 9574
5156.52 8996
5156.622 7940
5156.724 9079
5156.826 9789
5156.926 9758
5157.028 9532
5157.13 9298
5157.232 9028
5157.332 9704
5157.434 9784
5157.536 9733
5157.636 8800
5157.738 8956
5157.84 9870
5157.942 8740
5158.042 9465
5158.144 9892
5158.246 9875
5158.348 9815
5158.448 9512
5158.55 8932
5158.652 9188
5158.752 9718
5158.854 9475
5158.956 9229
5159.058 3177
5159.158 9217
5159.26 9638
5159.362 9730
5159.462 8625
5159.564 9198
5159.666 9655
5159.768 9487
5159.868 9789
5159.97 9483
5160.072 9843
5160.174 9274
5160.274 9076
5160.376 9284
5160.478 9847
5160.578 9879
5160.68 9875
5160.782 9490
5160.884 9631
5160.984 9376
5161.086 9420
5161.188 8628
5161.29 9503
5161.39 9815
5161.492 9861
5161.594 9826
5161.694 8919
5161.796 9042
5161.898 9425
5162 9242
5162.1 8771
5162.202 5545
5162.304 2422
5162.404 7526
5162.506 8409
5162.608 8823
5162.71 8911
5162.81 9252
5162.912 8802
5163.014 9241
5163.116 9137
5163.216 9612
5163.318 9808
5163.42 8953
5163.52 9478
5163.622 9116
5163.724 9594
5163.826 9215
5163.926 9298
5164.028 9283
5164.13 9241
5164.232 8962
5164.332 9431
5164.434 9234
5164.536 5808
5164.636 8786
5164.738 8599
5164.84 8928
5164.942 7904
5165.042 7732
5165.144 8160
5165.246 8385
5165.348 6801
5165.448 4898
5165.55 8802
5165.652 9343
5165.752 9512
5165.854 9424
5165.956 9127
5166.058 8998
5166.158 7915
5166.26 2058
5166.362 7891
5166.462 8762
5166.564 8521
5166.666 8085
5166.768 7648
5166.868 6931
5166.97 5939
5167.072 4677
5167.174 3461
5167.274 1507
5167.376 1357
5167.478 1142
5167.578 3467
5167.68 5058
5167.782 6541
5167.884 7412
5167.984 7913
5168.086 8199
5168.188 7886
5168.29 8487
5168.39 8782
5168.492 8779
5168.594 6934
5168.694 4792
5168.796 7801
5168.898 1643
5169 2195
5169.1 3421
5169.202 7666
5169.304 7419
5169.404 9078
5169.506 9062
5169.608 9388
5169.71 9374
5169.81 9501
5169.912 9468
5170.014 9426
5170.116 9389
5170.216 9465
5170.318 9480
5170.42 9276
5170.52 9127
5170.622 9089
5170.724 7302
5170.826 8375
5170.926 9008
5171.028 8706
5171.13 8940
5171.232 8798
5171.332 8543
5171.434 7937
5171.536 4012
5171.636 1968
5171.738 6843
5171.84 7250
5171.942 6906
5172.042 6391
5172.144 5676
5172.246 4856
5172.348 4120
5172.448 3416
5172.55 2717
5172.652 913
5172.752 1304
5172.854 2876
5172.956 3623
5173.058 4436
5173.158 5253
5173.26 5957
5173.362 6656
5173.462 7048
5173.564 7620
5173.666 7409
5173.768 3171
5173.868 8323
5173.97 8507
5174.072 8723
5174.174 8918
5174.274 8990
5174.376 8872
5174.478 8991
5174.578 9182
5174.68 9272
5174.782 9357
5174.884 9187
5174.984 9342
5175.086 9494
5175.188 9381
5175.29 9278
5175.39 9209
5175.492 9580
5175.594 9631
5175.694 9433
5175.796 9466
5175.898 9655
5176 9176
5176.1 9009
5176.202 9512
5176.304 9625
5176.404 9617
5176.506 7465
5176.608 7460
5176.71 9539
5176.81 9258
5176.912 9704
5177.014 9589
5177.116 9636
5177.216 7194
5177.318 9044
5177.42 8174
5177.52 9579
5177.622 9530
5177.724 9710
5177.826 9627
5177.926 9672
5178.028 9635
5178.13 9726
5178.232 9733
5178.332 9742
5178.434 9398
5178.536 9622
5178.636 9621
5178.738 9050
5178.84 8550
5178.942 9459
5179.042 9195
5179.144 8637
5179.246 9607
5179.348 9575
5179.448 9590
5179.55 9552
5179.652 9468
5179.752 9237
5179.854 9520
5179.956 9053
5180.058 4874
5180.158 9114
5180.26 9406
5180.362 9170
5180.462 9304
5180.564 9090
5180.666 9393
5180.768 9412
5180.868 9229
5180.97 9272
5181.072 9220
5181.174 8875
5181.274 8062
5181.376 8390
5181.478 8863
5181.578 8879
5181.68 8782
5181.782 8391
5181.884 8275
5181.984 8296
5182.086 8350
5182.188 8197
5182.29 7977
5182.39 7738
5182.492 7491
5182.594 7095
5182.694 6658
5182.796 6241
5182.898 5723
5183 5110
5183.1 4480
5183.202 3878
5183.304 3348
5183.404 2846
5183.506 2023
5183.608 590
5183.71 2067
5183.81 2861
5183.912 3409
5184.014 4010
5184.116 4553
5184.216 4309
5184.318 5170
5184.42 6437
5184.52 5155
5184.622 6774
5184.724 7713
5184.826 7955
5184.926 8303
5185.028 8418
5185.13 8717
5185.232 8890
5185.332 9017
5185.434 9132
5185.536 9230
5185.636 9288
5185.738 9263
5185.84 7500
5185.942 6291
5186.042 9448
5186.144 9564
5186.246 9559
5186.348 9164
5186.448 9617
5186.55 7822
5186.652 9675
5186.752 9788
5186.854 9790
5186.956 9814
5187.058 9816
5187.158 9809
5187.26 9639
5187.362 9815
5187.462 9308
5187.564 9735
5187.666 9802
5187.768 9509
5187.868 6821
5187.97 8551
5188.072 9660
5188.174 9697
5188.274 9778
5188.376 9552
5188.478 9717
5188.578 9073
5188.68 2237
5188.782 4883
5188.884 4515
5188.984 9053
5189.086 9531
5189.188 9628
5189.29 9806
5189.39 9832
5189.492 9842
5189.594 9659
5189.694 9849
5189.796 9725
5189.898 9842
5190 9868
5190.1 9834
5190.202 9825
5190.304 9854
5190.404 9780
5190.506 9745
5190.608 9795
5190.71 9754
5190.81 9774
5190.912 9729
5191.014 9554
5191.116 9426
5191.216 9037
5191.318 7652
5191.42 2351
5191.52 4655
5191.622 7622
5191.724 8866
5191.826 9244
5191.926 8860
5192.028 7714
5192.13 8352
5192.232 6041
5192.332 1444
5192.434 5083
5192.536 7386
5192.636 8361
5192.738 9190
5192.84 9063
5192.942 3267
5193.042 8224
5193.144 9495
5193.246 9576
5193.348 9434
5193.448 9125
5193.55 9462
5193.652 9805
5193.752 9852
5193.854 9609
5193.956 9796
5194.058 8806
5194.158 9857
5194.26 9863
5194.362 9833
5194.462 9767
5194.564 9723
5194.666 9682
5194.768 9202
5194.868 6252
5194.97 1999
5195.072 8811
5195.174 9477
5195.274 9377
5195.376 7938
5195.478 2142
5195.578 8550
5195.68 9556
5195.782 9688
5195.884 9603
5195.984 8203
5196.086 4516
5196.188 9514
5196.29 9789
5196.39 8644
5196.492 8012
5196.594 7374
5196.694 9842
5196.796 9916
5196.898 9907
5197 9900
5197.1 9214
5197.202 8557
5197.304 9820
5197.404 9704
5197.506 7074
5197.608 5306
5197.71 9502
5197.81 9712
5197.912 6687
5198.014 9395
5198.116 9833
5198.216 9866
5198.318 9709
5198.42 9848
5198.52 9786
5198.622 8563
5198.724 2192
5198.826 9061
5198.926 9774
5199.028 9852
5199.13 9847
5199.232 9881
5199.332 9873
5199.434 9795
5199.536 9522
5199.636 9619
5199.738 9704
5199.84 9849
5199.942 9858
5200.042 9804
5200.144 8057
5200.246 9603
5200.348 9097
5200.448 7956
5200.55 9758
5200.652 9844
5200.752 9747
5200.854 9773
5200.956 9750
5201.058 8968
5201.158 9593
5201.26 9679
5201.362 9831
5201.462 9898
5201.564 9863
5201.666 9827
5201.768 9875
5201.868 9754
5201.97 9371
5202.072 8932
5202.174 8704
5202.274 2857
5202.376 2780
5202.478 9029
5202.578 9586
5202.68 9819
5202.782 9789
5202.884 9876
5202.984 9740
5203.086 9887
5203.188 9890
5203.29 9921
5203.39 9891
5203.492 9668
5203.594 9828
5203.694 9768
5203.796 9891
5203.898 9845
5204 9806
5204.1 9690
5204.202 9395
5204.304 9082
5204.404 6860
5204.506 1068
5204.608 2624
5204.71 8665
5204.81 9495
5204.912 9588
5205.014 9736
5205.116 9713
5205.216 9751
5205.318 9609
5205.42 9696
5205.52 9715
5205.622 9580
5205.724 4550
5205.826 8608
5205.926 6343
5206.028 1078
5206.13 5066
5206.232 7207
5206.332 9302
5206.434 9630
5206.536 8757
5206.636 9574
5206.738 9752
5206.84 9453
5206.942 9848
5207.042 9762
5207.144 9780
5207.246 9756
5207.348 9820
5207.448 9818
5207.55 9698
5207.652 9609
5207.752 9674
5207.854 8817
5207.956 7188
5208.058 8932
5208.158 8451
5208.26 7512
5208.362 3691
5208.462 1096
5208.564 2960
5208.666 5541
5208.768 8599
5208.868 9090
5208.97 9352
5209.072 9490
5209.174 9615
5209.274 9769
5209.376 9810
5209.478 9837
5209.578 9679
5209.68 9754
5209.782 9627
5209.884 8631
5209.984 9781
5210.086 9738
5210.188 9547
5210.29 9027
5210.39 2140
5210.492 9326
5210.594 9796
5210.694 9653
5210.796 9284
5210.898 9316
5211 9742
5211.1 9798
5211.202 8980
5211.304 9874
5211.404 9884
5211.506 6914
5211.608 9445
5211.71 9802
5211.81 9692
5211.912 9897
5212.014 9888
5212.116 9839
5212.216 8597
5212.318 9477
5212.42 9784
5212.52 9879
5212.622 9207
5212.724 8797
5212.826 9839
5212.926 9860
5213.028 9761
5213.13 9861
5213.232 9709
5213.332 8871
5213.434 9816
5213.536 9826
5213.636 9827
5213.738 9755
5213.84 9442
5213.942 9839
5214.042 9778
5214.144 8178
5214.246 9809
5214.348 9828
5214.448 9738
5214.55 9189
5214.652 8820
5214.752 9423
5214.854 9502
5214.956 9419
5215.058 8407
5215.158 2403
5215.26 6702
5215.362 8743
5215.462 8740
5215.564 8116
5215.666 9147
5215.768 9509
5215.868 9562
5215.97 9675
5216.072 9523
5216.174 8204
5216.274 1654
5216.376 8532
5216.478 6964
5216.578 9492
5216.68 9774
5216.782 9770
5216.884 9747
5216.984 9804
5217.086 9756
5217.188 9539
5217.29 8061
5217.39 2056
5217.492 8304
5217.594 9550
5217.694 9744
5217.796 9436
5217.898 5858
5218 9468
5218.1 9486
5218.202 4566
5218.304 9381
5218.404 9805
5218.506 9624
5218.608 9875
5218.71 9900
5218.81 9879
5218.912 9882
5219.014 9667
5219.116 9833
5219.216 9883
5219.318 9883
5219.42 9903
5219.52 9890
5219.622 9540
5219.724 7824
5219.826 9874
5219.926 9906
5220.028 9293
5220.13 9319
5220.232 9037
5220.332 8592
5220.434 9879
5220.536 9908
5220.636 9907
5220.738 9893
5220.84 9520
5220.942 9438
5221.042 7669
5221.144 9824
5221.246 9854
5221.348 9844
5221.448 9854
5221.55 9810
5221.652 9777
5221.752 6801
5221.854 9761
5221.956 9886
5222.058 9890
5222.158 9870
5222.26 9844
5222.362 8750
5222.462 9209
5222.564 9532
5222.666 7781
5222.768 9591
5222.868 9748
5222.97 9831
5223.072 9823
5223.174 6639
5223.274 9675
5223.376 9877
5223.478 9679
5223.578 9199
5223.68 9554
5223.782 9838
5223.884 9557
5223.984 9759
5224.086 8983
5224.188 9722
5224.29 5700
5224.39 9383
5224.492 8840
5224.594 8869
5224.694 9765
5224.796 9697
5224.898 5986
5225 6327
5225.1 9056
5225.202 9723
5225.304 9763
5225.404 9678
5225.506 3522
5225.608 9064
5225.71 9551
5225.81 8242
5225.912 9387
5226.014 9035
5226.116 8749
5226.216 8951
5226.318 9165
5226.42 8857
5226.52 2867
5226.622 7783
5226.724 7330
5226.826 2244
5226.926 4523
5227.028 6232
5227.13 1928
5227.232 2115
5227.332 7165
5227.434 8505
5227.536 9029
5227.636 9296
5227.738 9038
5227.84 9412
5227.942 9467
5228.042 8864
5228.144 8940
5228.246 9461
5228.348 5155
5228.448 8627
5228.55 9522
5228.652 9715
5228.752 9785
5228.854 9780
5228.956 9801
5229.058 9797
5229.158 9791
5229.26 9782
5229.362 9788
5229.462 9719
5229.564 9645
5229.666 9424
5229.768 7219
5229.868 2053
5229.97 8471
5230.072 9533
5230.174 8384
5230.274 9189
5230.376 9475
5230.478 9790
5230.578 9697
5230.68 9166
5230.782 9798
5230.884 9849
5230.984 9677
5231.086 9862
5231.188 9848
5231.29 9814
5231.39 8909
5231.492 9403
5231.594 9591
5231.694 9645
5231.796 9647
5231.898 9692
5232 9712
5232.1 9669
5232.202 9594
5232.304 9504
5232.404 9275
5232.506 7972
5232.608 8503
5232.71 7398
5232.81 5064
5232.912 1615
5233.014 3372
5233.116 6497
5233.216 8081
5233.318 8845
5233.42 9242
5233.52 9459
5233.622 9564
5233.724 9617
5233.826 9585
5233.926 9751
